0	0.597354597134795	0.256943724826553	0.0918480363019104	0.135672668362740	0.0525410144498340	0.323574957086276	0.202668048751126	0.253270771035344	0.150073822109399	0.613077351645774	0.358146764286583	0.510853162950419	0.293850263273062	0.333849357155388	0.0651773960114657	0.466111129444750	0.335301857131720	0.546807666638251	0.352380871288713	-0.195583559195137	-0.236967272713259	0.0458987331080158	-0.0150721549595414	-0.0741749323158892	-0.0697435885630822	-0.0838616475343519	-0.106591146091129	0.229399783692963	0.0747418775921400	-0.138847309726372	-0.0785019819267816	0.104438391782533	-0.0256865464605051	-0.152824646415251	-0.223611616836221	-0.102803539208206	-0.178222421809903	-0.106547205062820	-0.189809000922011	0.0266746718778743	-0.0951532170143908	0.161127464804657	0.0915384469271876	0.0963693965517567	0.0213387998155371	0.143145300801685	0.0801537168772816	0.327203785033675	0.248690241530312	0.355944235685414	0.204724028004023	0.310908762046736	0.186604219898212	-0.0187764053187491	-0.0640518782487810	0.546255773005824	0.413211924886887	0.444406363667563	0.232295555248840	0.536802339176540	0.177938531157697	0.358653205095974	0.155879916502972	0.215668662288085	0.0438560521647877	-0.0286435007176918	-0.156711720734374	0.385347586145703	0.188782806096669	-0.155898940173774	-0.166364734081861	0.114746066508764	0.0314500880002268	0.171861894348025	0.0750261102950974	-0.156211344897922	-0.271244425080357	0.126655480119752	0.156043787715420	0.276357688691066	0.232342542517429	0.102023663603754	-0.00135426820688195	0.342802051813879	0.115778797295012	-0.0710349627969425	-0.0637273531820006	0.254821094607409	0.214137414830853
0.597354597134795	0	-0.0689135462154097	0.0135008147299961	-0.0401084008374360	-0.0491698709605625	-0.00739240488662659	0.153477002048047	0.00652450434303833	0.0162631792942824	0.171107171122611	0.333792600316985	0.150799358046673	0.268794014561116	0.0615992993394000	-0.00785028234711586	0.547352313515839	0.621833424769581	0.299345845791462	0.523218142442700	-0.107509187704431	-0.118644308157472	-0.120264031488907	-0.0742226292325371	-0.0870273695783979	-0.0655509115817363	-0.0942257337534036	-0.0437267389014215	0.298704561503336	0.300771412598745	-0.121854902319084	-0.0484410577379957	0.179968385385188	0.206393345632333	-0.244500063779710	-0.216044133493878	-0.0960930361130715	-0.0109206069229963	-0.0842165808029430	-0.0559196216529298	0.00324871253225163	0.0657979704847743	0.228303240347408	0.206011618619889	0.167159558870623	0.227912386778899	0.255894673541353	0.187604952977543	0.331349295938462	0.307990048181513	0.208188331077455	0.144312925446396	0.295287636569236	0.219317644757188	0.0631094300728145	0.0788974011398926	0.660049684099830	0.681499105904211	0.238445859812916	0.267241327628650	0.218082292170540	0.161836840619656	0.394730550819474	0.384382789297899	-0.103644815669810	-0.0635023691718749	-0.0840882824529152	-0.0431952102208287	0.472791855189686	0.299439184442550	-0.200114029136490	-0.147471753023408	0.104521482821606	0.225657522657483	0.0670817953006802	0.176006756760902	-0.192282064529577	-0.152566829159662	0.295187700525919	0.373187497061111	0.429682801212186	0.453121459097011	0.0426058704387709	0.158977739426184	0.135752249877858	0.117444200414076	-0.104269949334997	-0.0815449471567300	2.50984426134643e-05	0.0899084597476443
0.256943724826553	-0.0689135462154097	0	0.643887131955858	0.420074288501633	0.190128705328320	0.605925323097586	0.230736205917815	0.355941867847976	0.191161100650700	0.185272712763607	-0.0695020550613082	0.182645263171087	-0.0202586871814454	0.335937668008013	0.109502037100436	-0.124396709380155	-0.164963217363240	0.418546385608357	0.141499578384062	-0.105527640840769	-0.150317416289400	0.703068816372228	0.591733579592226	0.416778586893095	0.337592361488554	0.0936962759863786	0.0495753096216020	-0.255488536324652	-0.376403477335684	0.310991914115798	0.354859306711143	0.122978726666047	-0.00506777415334447	0.361758275397134	0.133687661901951	-0.260143980079934	-0.349490308871045	-0.228146274380005	-0.315747767016385	-0.144758216657693	-0.263487931766412	0.181032802960033	0.0591521921644382	0.211656577400902	-0.00396673596040623	0.0354105028128402	-0.0393941910402352	0.148610474447036	0.0693103592146017	0.381282802171689	0.161152314205698	0.149488570513487	0.0581742692787983	-0.270404706814158	-0.270635621947624	-0.0378858427041143	-0.0517461261239224	0.145177592541611	-0.0564350529057187	0.143458557468386	-0.147534012603136	-0.202634524311040	-0.331701395110013	0.552539984965727	0.212183949965721	0.437435265764159	0.142726707220515	0.0854057875380024	0.128675938864485	0.0405915185860605	0.0484899457387725	-0.0318771153719446	-0.217522776613023	0.0225630840913182	-0.0745760692739316	-0.120287543021116	-0.255183542886345	-0.200767347755743	-0.114873237275189	-0.231676596202908	-0.147617571696902	-0.0264219340172625	-0.234365344463532	0.333125236970497	0.299501253124968	-0.0582234627402768	-0.0540530047467688	0.270374393001053	0.332403755737487
0.0918480363019104	0.0135008147299961	0.643887131955858	0	0.333383964368606	0.386628021693722	0.468391344801411	0.649639061230317	0.269336467071691	0.396807190025094	0.0299806619593741	0.181159756932565	0.0526302311499690	0.185817365574897	0.169038738317877	0.248311108444257	-0.0976009980236436	-0.122743726257659	0.202314794842602	0.332882796562466	-0.200541583253021	-0.102065616538633	0.517339843206119	0.742791846369436	0.274381303306375	0.411590106435962	0.00908129352831922	0.106730838334395	-0.206350369761038	-0.180100440512670	0.269883091766258	0.523158254150389	0.0948689441712395	0.265526728884845	0.248183750504314	0.242488057466453	-0.411220269350210	-0.332279564087654	-0.380691844480603	-0.335493689403233	-0.255215397234711	-0.181640381327697	0.0622434232594365	0.00203695484348857	0.223710887740331	0.174425454578285	-0.0863323768738666	-0.130104781175699	0.143827592975365	0.0860086065150726	0.315404050104372	0.255467668659075	0.127127270430600	0.00488720264014014	-0.342957189349124	-0.337639976995595	-0.0972549754328291	-0.116973742286153	0.0613904338385038	0.0891390731142435	0.0814449394513803	0.179071550486898	-0.0493431172402648	-0.105938327091992	0.408821341920833	0.518571707012826	0.398523064595318	0.357563702716190	0.0262204431573573	0.123104465073790	-0.122568828458064	0.101900624905477	-0.0721943144083727	-0.0952524006056687	-0.0440314085606125	0.0214761822018036	-0.207455578602290	-0.175449299861772	-0.180077293309480	-0.107313994524703	-0.111107478943997	-0.0873946025090952	-0.0772346572586987	-0.0935040211395819	0.271004890804305	0.508933104473932	-0.137858032798965	-0.0518765523034389	0.0957808774388993	0.381910137872706
0.135672668362740	-0.0401084008374360	0.420074288501633	0.333383964368606	0	0.674254810290131	0.380100083051519	0.262615894109115	0.647340049219854	0.415684386668496	0.158625691990716	0.0371755082944652	0.147544130346622	0.0688543207209825	0.382879300318813	0.264598410752712	-0.0335466905984994	-0.0411562885624623	0.197760131336373	0.104346274308834	0.170234842691668	0.217341892421043	0.297715487278340	0.295453200628997	0.386997307879064	0.482376009357775	0.490322757818016	0.541225638911639	-0.0620902567937828	-0.0859141605297406	0.210805987054079	0.277808387154542	-0.00931208431111729	-0.0228537945861230	0.108266831221516	0.00108435293450205	-0.177980248064528	-0.169139620719229	-0.173937498703494	-0.191926811615818	-0.0767030626738829	-0.0623497407175213	0.00991618122459189	-0.00826929009867341	0.114527650311094	0.0808625095404688	-0.0111259596056739	-0.0302471255816735	0.158710538430672	0.125599027660949	0.224549185063356	0.151308064910205	0.163914464478934	0.128281484631472	-0.0923641310499526	-0.0294331548972295	-0.0332076857813770	-0.00379438209652500	0.201352942481901	0.0873384407240994	0.160638500257000	0.0652647697661235	-0.0260631512615148	-0.0585295070080423	0.380204581702068	0.242973679399663	0.174768995099282	0.0686241585345227	0.0536340557735084	0.116378873738350	0.0905589853067148	0.147802417232253	0.0585156091652356	-0.0378091977235679	0.00942785616234549	0.00616817006734170	-0.207188872901901	-0.247467756395600	-0.122043691245531	-0.0884392417014089	-0.0671649295263214	-0.00602633949867317	0.0607119252730801	0.0144645243102418	0.247672743409362	0.225707102171732	0.0547983289666526	0.0633245224729693	0.212521666174080	0.229970071538564
0.0525410144498340	-0.0491698709605625	0.190128705328320	0.386628021693722	0.674254810290131	0	0.299502748198826	0.444740099759224	0.497121422698054	0.589913280763152	0.0829004445917838	0.140085784036572	0.154349911227726	0.210597862207645	0.249651901907485	0.296420144539615	-0.0618196451484451	-0.0617228241063079	0.0471808265477095	0.110840415983535	0.171924178378032	0.312752646329051	0.162383325895737	0.293737779951731	0.263036338659294	0.578248470188855	0.393906785158473	0.595337788560316	-0.0637152035305877	-0.00275228293355641	0.190072455608176	0.329389437372919	-0.0415370748544308	0.0871225194541372	0.0811105414807228	0.0647974367031435	-0.184268946186871	-0.152987260833433	-0.176633393964421	-0.151080597319392	-0.114845422456697	-0.0275438227265788	-0.0184227575433112	-0.0104377819333188	0.106664701368743	0.141461100404092	-0.0293691400300245	-0.0397659147506235	0.199267431098645	0.174289451946854	0.229735894519077	0.197580482596189	0.170759109604963	0.150205601238475	-0.0981368858658344	-0.0346734631567807	-0.0780054205071928	-0.0447772417652816	0.211776714969564	0.219062162392980	0.198544481642330	0.239027662542625	-0.00421289676750660	0.00862525573435788	0.224173179545401	0.318942513228136	0.171263915982504	0.181855281427839	-0.00587790361235951	0.138395882561126	0.0627671064811893	0.225255155324833	-0.0241301625279198	-0.00380663283464411	-0.0547194991383248	-0.00944270115973836	-0.166457343641890	-0.125379105204238	-0.136546732239498	-0.0954363570623259	-0.0539749514649046	-0.0307807159659853	0.0330338042671726	0.0604844254119591	0.116354519704520	0.186594466678966	0.0174820676612094	0.109434048479185	0.220206854719310	0.296261462082727
0.323574957086276	-0.00739240488662659	0.605925323097586	0.468391344801411	0.380100083051519	0.299502748198826	0	0.664140431279072	0.534140482110971	0.394126536517313	0.437126623909882	0.219643940033381	0.534239629915316	0.315555586331745	0.401016907732910	0.215586093639160	-0.00267521011559012	-0.0391485183534922	0.445849760060700	0.272444024221856	-0.182297733523684	-0.150841087061663	0.274751671411464	0.213139143917689	-0.0939872531850135	-0.00560612431255260	-0.187722605230775	-0.124965014342701	0.115338853384050	-0.0253945614861521	0.0544908952982569	0.113348844935407	0.224547118820241	0.164992052074129	0.0466315123573697	-0.0226240482126062	-0.241148513677627	-0.282598767773268	-0.369900569367316	-0.454201371038259	-0.159563000601655	-0.214042051910535	-0.0915094511988830	-0.172604383641079	0.0958262223911453	0.00379979247398315	-0.155303827313072	-0.200536291614529	0.168115282844407	0.0140186003906571	0.225128879798002	0.114543417032656	0.0912414412648425	0.0372283762614165	-0.322755335664519	-0.337929887072499	-0.0461655828253906	-0.0979588576401073	0.262710609220197	0.0592734805323449	0.459704879056700	0.302279733102220	0.121533668730243	0.0518175679551389	0.523209205035906	0.316102859572072	0.243314432437000	0.0762703863198040	0.0634743555780771	0.104676993482137	0.0671564515990829	0.120667631212988	0.134013301401735	0.0193025118500940	0.206968450464082	0.149014169576945	-0.0797578932534725	-0.166134619680237	-0.201588309852618	-0.123494703932931	-0.101988031836183	-0.0187897108867348	0.0189672515421433	-0.112737475806292	0.216188029084518	0.164139559192209	-0.279828536226204	-0.259970598377738	0.284552940258632	0.260019260269558
0.202668048751126	0.153477002048047	0.230736205917815	0.649639061230317	0.262615894109115	0.444740099759224	0.664140431279072	0	0.424499597212837	0.605914231059581	0.302063682156545	0.504365050149828	0.428857505747606	0.556459806141596	0.258224738092343	0.355167831621344	0.0636781242499145	0.0488149846205541	0.240950912401829	0.458206025987078	-0.222548817880737	-0.0679650859995329	0.0864769111500176	0.296914406722754	-0.195169133765642	0.0602488245390684	-0.254072816731478	-0.0917333801946362	0.186555792987721	0.217039510244902	0.0166845406796785	0.235667743497887	0.162880607314635	0.390751130617313	-0.100739860554789	0.0329650034835254	-0.331183027141966	-0.190647480664011	-0.434031311987311	-0.387414797312552	-0.225406362342515	-0.0895803727693176	-0.145457000152989	-0.177436783870911	0.0399131756956276	0.130409209412565	-0.206607425742814	-0.233017856235651	0.161593005887990	0.0624678969448002	0.133198976261166	0.149312159976384	0.0967579200768582	0.00863056114518131	-0.343180162334781	-0.347998554128601	-0.0603140124319651	-0.0911063645749744	0.172509462729910	0.244924574302443	0.391890619453638	0.636420852642031	0.232484890158291	0.285798586965465	0.298988061350044	0.560800674405585	0.0713829639165429	0.179495236325278	0.0112654785763975	0.105891302458685	-0.0997253409711239	0.145921110820540	0.0652192703280051	0.141791652326275	0.0925286789620837	0.210352855486251	-0.136842137177372	-0.0666696163142224	-0.156109794917221	-0.0536775454912578	0.0407076204360116	0.0883477027675336	0.0161560521660830	0.0700294997859014	0.117528907909354	0.253126842484089	-0.295581787839307	-0.246005033051539	0.131301884121412	0.285506261798877
0.253270771035344	0.00652450434303833	0.355941867847976	0.269336467071691	0.647340049219854	0.497121422698054	0.534140482110971	0.424499597212837	0	0.665514563570919	0.367905233790128	0.204654740199170	0.469870805507729	0.315410402138757	0.603849534218298	0.400493300575291	-0.0345723114531826	-0.0697053551791515	0.221752933857456	0.0807105087789357	-0.0827299750870176	-0.0598727485236975	0.257338576476570	0.221894520942389	0.0418995941804479	0.112197971687527	0.121682154270455	0.149665263526379	-0.0162203792520332	-0.0366032243282792	0.00633502425008425	0.0465835162475839	0.00612365940264158	-0.0353131854316628	0.0566824579289768	-0.0149046105045499	-0.179458851469815	-0.197778625910794	-0.190632571347487	-0.240187822754603	-0.135974855718583	-0.164376533339422	-0.0483307338399630	-0.0936209387966058	-0.00582183447440761	-0.0295165046256704	-0.0572270681685295	-0.0910616792165643	0.117818773573303	0.0714926640103391	0.224618425816150	0.137749816569845	0.193302529910053	0.138714291242012	-0.0978062299792030	-0.113658711632132	-0.0334558538359558	-0.0387728554884306	0.214257579150953	0.106560629913436	0.381052582928997	0.298850316414326	0.0229786822465915	0.00594178044216314	0.466429208998539	0.323165591268159	0.0259101272474840	-0.0774708288562366	-0.000133420892579168	0.0373673186482173	0.0114982824421966	0.0403816641351258	-0.0255539166857584	-0.0787049157865235	-0.00532519279318994	-0.0219378086344889	-0.226890601891286	-0.282952964299772	-0.163241625219386	-0.118312778960890	-0.0681078696175367	-0.00850232146124711	0.0936376273486001	0.0138175412928107	0.290843736742027	0.171548999282950	0.0160227510598528	-0.00539520128690245	0.340518426506848	0.301927393694761
0.150073822109399	0.0162631792942824	0.191161100650700	0.396807190025094	0.415684386668496	0.589913280763152	0.394126536517313	0.605914231059581	0.665514563570919	0	0.254280251889307	0.299786071994617	0.345775774879800	0.421327361516311	0.456816049675315	0.545891836232335	-0.0511877154812112	-0.0827577146980688	0.143362597065791	0.141993275568879	-0.166644927943552	-0.0791263233751603	0.262473624227654	0.388179185073094	0.0214086599554430	0.148184822573828	0.00982891198340376	0.0870070791159760	-0.101782238038557	-0.00547666332827059	-0.0460143454191216	0.100927822530363	-0.0855423556928268	0.0666854659370001	0.0520172874966031	0.0505407777980135	-0.249731251678968	-0.234660898455352	-0.231633407187792	-0.232078300899612	-0.210524592997420	-0.157052300745700	-0.000847655284849993	-0.0338990222557454	-0.00667069866729689	0.0289678403217043	-0.0399107574389460	-0.0585260859152889	0.0899647815923196	0.0978834425655858	0.186072078688857	0.160218904078183	0.137306584984787	0.0901842267937927	-0.130637261498751	-0.134253046412755	-0.0516635846916107	-0.0560951994016117	0.137471334675881	0.175555653293042	0.289751567802007	0.451594169542935	-0.00255491707632995	0.00952245457509972	0.425184222108052	0.533551946411699	-0.0493672323171403	-0.0189670787859199	-0.0762347520148566	0.0122487966495499	-0.0864749871116990	0.0413612300954334	-0.114048694582395	-0.0947042921637300	-0.0722752491441575	-0.0112869241639191	-0.240998579029844	-0.226363284409457	-0.163895495256768	-0.0737471306985308	-0.0745482832143822	-0.0152032767345890	0.0673522803966207	0.00896235399472326	0.247482795798280	0.260645104200115	-0.0154903030041828	-0.0102304019458849	0.268018833673231	0.360634411877708
0.613077351645774	0.171107171122611	0.185272712763607	0.0299806619593741	0.158625691990716	0.0829004445917838	0.437126623909882	0.302063682156545	0.367905233790128	0.254280251889307	0	0.579338499983781	0.786604982313350	0.544479527910455	0.574032157985791	0.382556965007960	0.310877752331550	0.135037194849568	0.421654564924652	0.178306743785240	-0.168149953177808	-0.197377862997163	0.0716690662252077	-0.0485664522325144	-0.197719569455775	-0.162481299603889	-0.114629771982153	-0.141170970004491	0.327787746465017	0.196352327358423	-0.107023202862201	-0.0586952418056068	0.0778445831187591	-0.0441195306116010	-0.167979611438973	-0.224162824469494	-0.0323706345648528	-0.103828374208159	-0.0557546382582082	-0.148626955028028	0.0565508184754333	-0.0503536994478118	-0.0569984192380975	-0.0967040911470167	-0.110183255282036	-0.164588605709600	-0.0801089218370190	-0.0865118918763083	0.0213539126309769	-0.0449202533295348	0.0785659100585524	0.0191431575548035	0.0588128073569102	-0.00235022503809958	-0.0794739260523910	-0.131358346593006	0.115988868310244	0.0257713564477233	0.208182507631089	0.0452889680983630	0.537621808719519	0.328101617281008	0.298515251591414	0.157759673264318	0.351455865573728	0.195997945603539	-0.138264536132953	-0.235996526573523	0.0356857236004702	-0.0640593216604373	-0.0272770248378561	-0.0625907097373429	0.133773656057315	0.0454193737480288	0.204019504963506	0.118691748705110	-0.0474881188592095	-0.162304759881793	0.0631563209810495	0.0356407970644050	0.127319585856180	0.124068157773903	0.241143516810635	0.0998378829994549	0.336123440232871	0.104532603002989	-0.0376215116977484	-0.0500589920896653	0.336861535860784	0.207227144154337
0.358146764286583	0.333792600316985	-0.0695020550613082	0.181159756932565	0.0371755082944652	0.140085784036572	0.219643940033381	0.504365050149828	0.204654740199170	0.299786071994617	0.579338499983781	0	0.526106278484628	0.780415901400769	0.347763819521894	0.494921260736996	0.279468693734457	0.219111873736912	0.239446952865651	0.393692236234345	-0.135240807273421	-0.0656275567113974	-0.0617456855509580	0.0471992036797594	-0.244669277388847	-0.137653561526232	-0.169931813575458	-0.110630204079294	0.399204533289644	0.405166910497914	-0.0749722872258178	0.0489439416651475	0.0857548679705223	0.198859796004456	-0.221284776348616	-0.132607552427497	-0.0639040854230063	0.0353501057777686	-0.0533525030241248	-0.0286822178976499	0.0176202595858756	0.0995482002800708	-0.0875458394762848	-0.0821020809895641	-0.143787054118851	-0.0733566192708491	-0.103131057973831	-0.0886474320128042	-0.0181280785952842	-0.0584365311193290	-0.0236881567160078	0.0253551310749365	0.0469171035426766	-0.0560353622856886	-0.115095180316235	-0.149979989632977	0.0549093665688128	0.0296611662267568	0.0702519439275462	0.182188261178800	0.358675819707934	0.528961719881416	0.314537368755464	0.399395977293485	0.0709410861862692	0.300193222261920	-0.171388145617395	-0.0850360855934289	-0.0335631514025907	-0.0383127496633505	-0.0947224909747758	-6.99712916249296e-05	0.111926418650690	0.208747511786073	0.164165075291059	0.254597888935521	-0.0136579380122383	0.0307070437474096	0.0535361574552105	0.0624634717312906	0.191007226009215	0.166628666976409	0.164505538375467	0.200080804998770	0.149759056320744	0.238823086603980	-0.0531972735535654	-0.0704218628166978	0.134736829205218	0.261879440034465
0.510853162950419	0.150799358046673	0.182645263171087	0.0526302311499690	0.147544130346622	0.154349911227726	0.534239629915316	0.428857505747606	0.469870805507729	0.345775774879800	0.786604982313350	0.526106278484628	0	0.687506688219614	0.590166404340085	0.379761562806357	0.215758440637508	0.128523883228998	0.297372992619625	0.172498937866641	-0.184502918284623	-0.180811089255129	0.0157435950941848	-0.0504694259665981	-0.256686542418587	-0.174757995766174	-0.179408880058618	-0.154056987974762	0.264727478402682	0.156390589819051	-0.161673430356037	-0.121412178548066	0.0904976506631595	0.0215685455590715	-0.126372901880477	-0.140538574667552	-0.0651662550705241	-0.0807015353500488	-0.134027919010536	-0.188569991956703	0.0164901822044072	-0.0501866732414765	-0.0701600709283628	-0.115754721749338	-0.110190888526466	-0.149215805356549	-0.0796426570785098	-0.100059084142811	0.0833516995823817	0.00687817415461743	0.146322624045624	0.0691547036652539	0.105637738252120	0.0325859626697348	-0.141739195061592	-0.180823254211704	0.126830607718446	0.0305139602191448	0.271782824500870	0.115901835664077	0.587589851826071	0.398108102693218	0.308365697118883	0.227748652534189	0.341338162909398	0.213732111461034	-0.0844549792460715	-0.156841190465627	0.0664433459794519	0.0271337547962304	-0.0291788039270852	-0.0152774334310476	0.0765301608068599	0.0386941800136329	0.173800210373660	0.123366103494651	-0.0363458308399970	-0.126398563813187	-0.0135430236553066	-0.00992670822753000	0.110503265545565	0.124953575637206	0.111291362512058	0.0652142674090376	0.187347398258516	0.0471392848298363	-0.143199651033640	-0.130351733493756	0.385560731058429	0.245985307579001
0.293850263273062	0.268794014561116	-0.0202586871814454	0.185817365574897	0.0688543207209825	0.210597862207645	0.315555586331745	0.556459806141596	0.315410402138757	0.421327361516311	0.544479527910455	0.780415901400769	0.687506688219614	0	0.446856846026460	0.583150696328631	0.197555358013655	0.164293726500764	0.131441833827118	0.288631385001752	-0.166857073138544	-0.105082926942788	-0.0301713980633251	0.0855383662492892	-0.205645615526146	-0.124750893332851	-0.143383637123185	-0.0863518667141046	0.279108928224040	0.295727072249386	-0.120441322524130	0.00408981098092328	0.0597589723798510	0.155441561719151	-0.186949486796242	-0.0911441431857095	-0.108152253207109	-0.0132207426461276	-0.116883299163759	-0.0955085462499522	-0.0466476155144961	0.0529302528309888	-0.0861921676853958	-0.0992406237782056	-0.128181998802299	-0.0698352273224324	-0.107107846731825	-0.121513393125763	0.0523206359220031	-0.0216221600543878	0.0496034325076174	0.0738598882639128	0.0561727194867697	-0.0662845351183708	-0.151451239508638	-0.196567812877254	0.0522774750116982	0.0126716327526290	0.145356995029252	0.215116366219284	0.419387343165517	0.563809992804018	0.309230827482074	0.385039914479889	0.183948748671430	0.379943818664822	-0.107719848548427	-0.0226558998241334	-0.000795849985138582	0.00801941050294544	-0.105120970778691	0.00961909701469883	0.0661761651273594	0.140649646201629	0.134336194649530	0.208307607317114	-0.0705794415330914	-0.0397744206643009	0.00779003315727659	0.0305476740638634	0.179502990474583	0.165343499867495	0.138259773515617	0.158897169826862	0.132843683743472	0.192573818168614	-0.113337138118124	-0.0971085529877022	0.236961109244274	0.278358679964204
0.333849357155388	0.0615992993394000	0.335937668008013	0.169038738317877	0.382879300318813	0.249651901907485	0.401016907732910	0.258224738092343	0.603849534218298	0.456816049675315	0.574032157985791	0.347763819521894	0.590166404340085	0.446856846026460	0	0.689774544110674	0.0968971438906995	0.0162333750855123	0.440920517053348	0.191233194815698	-0.0458814122296649	-0.0854410201633876	0.407770223906866	0.260001354957241	0.0125611581778283	0.0300970439655877	0.0999911809203998	0.0738416598577849	0.186379722987392	0.155145714281130	0.118107287552046	0.141249099541194	0.0594399901480119	-0.0383874691041109	-0.0122683588348436	-0.134461439967508	-0.0796310336990397	-0.158344056485297	-0.0910466040011584	-0.122196908002851	0.0354479797846523	-0.0551144396117835	-0.0273840764890917	-0.0822911226921620	-0.0836974677233971	-0.150275120322762	-0.0616315377721920	-0.0957356450958993	-0.00440664931170278	-0.0406897654655697	0.0544521121578187	-0.0226337894626328	0.0886627003521366	0.0640325308417423	-0.115049381769012	-0.123426336488471	-0.00406053235377492	-0.0357875300772051	0.102178183850494	-0.0183196432891056	0.280714901146776	0.211485948685182	0.0504049175359686	-0.00753544286739678	0.434851969458005	0.220305360967075	-0.0564857629687746	-0.213679348637795	0.0525613441851827	-0.00413818723196626	0.00805822718144474	0.00332823018918200	0.0531539159612836	-0.0161645909942276	0.104389262784595	0.0550917693441839	-0.140502926628525	-0.231609655746024	-0.00107483783483280	0.0270849150849451	0.0630304392250348	0.103567365352611	0.489455296728223	0.240511449673811	0.485467356534633	0.259681040569030	0.199088932399920	0.160331926428484	0.370403290992508	0.298082247977341
0.0651773960114657	-0.00785028234711586	0.109502037100436	0.248311108444257	0.264598410752712	0.296420144539615	0.215586093639160	0.355167831621344	0.400493300575291	0.545891836232335	0.382556965007960	0.494921260736996	0.379761562806357	0.583150696328631	0.689774544110674	0	0.0180555123652689	-0.0483832183423778	0.209757990482667	0.205343746528428	-0.0262896564209185	0.00252607377285926	0.321540749183134	0.364764920108523	0.0516601875683514	0.114569539552202	0.145867820710685	0.162098003814894	0.191732445842422	0.293026046250741	0.168496065648689	0.276895311003836	0.0510061924414125	0.0955437730508615	-0.0171255517174158	-0.0402556860553094	-0.0784931782955807	-0.0661572309142906	-0.0302513258514006	0.00829359160442286	0.0184470022158595	0.0881526888345578	-0.0493825253838847	-0.0738293962986504	-0.128118484210170	-0.116446946227752	-0.102462997200160	-0.0987414962712343	-0.105707056006019	-0.109095497277184	-0.0675309070396910	-0.0557964037190399	-0.0393152271330912	-0.0798667775613961	-0.101226729703295	-0.136468604315923	-0.141598608958942	-0.135438008850828	-0.0364495749497299	-0.0143907344278558	0.152754392298269	0.314750998493874	0.0676265375431977	0.0857350553255749	0.290009460776685	0.339862754462762	-0.0967682150546567	-0.102328908875133	-0.0966070707503193	-0.0682260643387837	-0.0450599012802353	0.0229402367587524	-0.0153772709535897	0.0227082078819370	0.0246221891072174	0.0717481489853501	-0.0923957505795357	-0.0900921822397680	-0.000770845751951638	0.0421689310292196	0.0643288819766501	0.0956351496517139	0.448772144401221	0.368865895143121	0.322484518670735	0.359073651232537	0.187036335570958	0.208004982275954	0.211791235597111	0.270769964906213
0.466111129444750	0.547352313515839	-0.124396709380155	-0.0976009980236436	-0.0335466905984994	-0.0618196451484451	-0.00267521011559012	0.0636781242499145	-0.0345723114531826	-0.0511877154812112	0.310877752331550	0.279468693734457	0.215758440637508	0.197555358013655	0.0968971438906995	0.0180555123652689	0	0.791540817758047	0.364000307496079	0.438295385339837	-0.103303055033287	-0.114947112864459	-0.206271740635815	-0.190884819214602	-0.138469696653075	-0.0774521182166954	-0.0754696198990641	-0.0650339612742937	0.632129379347891	0.524277702912123	0.00842297748466532	0.0240699660706712	0.295467932363888	0.255314927707399	-0.329184970278094	-0.283541589312000	0.0146921457456984	0.0628440537154472	0.00974280215138316	-0.00456789618308680	0.153775255169389	0.124599129428042	0.0714511804897704	0.0760657256308642	-0.0232236632866407	0.0537035805942960	0.144940967527295	0.108001768133025	0.216536342255219	0.162106644251452	0.0709075540202127	0.0165743972010841	0.244117039255276	0.189294285342382	0.0938787133798686	0.0828394803245543	0.635947572915235	0.531321182630379	0.265469347940804	0.225536242510184	0.312819044872865	0.158738748769996	0.622159690672261	0.509366096637693	-0.144434722446749	-0.147849348347180	-0.148606776646407	-0.129824286945425	0.426293936214192	0.241497171933254	-0.145353198285165	-0.112614554950053	0.229787492587892	0.302746923649666	0.153580433190990	0.195795444391097	-0.107429862146540	-0.118240083034293	0.690181168336839	0.631932253764152	0.714950293919279	0.590106700301058	0.258191318069005	0.314349461235537	0.149809472856399	-0.00519813249934048	-0.0701948450686352	-0.0866196683598214	0.00475665061738178	-0.0349624347536861
0.335301857131720	0.621833424769581	-0.164963217363240	-0.122743726257659	-0.0411562885624623	-0.0617228241063079	-0.0391485183534922	0.0488149846205541	-0.0697053551791515	-0.0827577146980688	0.135037194849568	0.219111873736912	0.128523883228998	0.164293726500764	0.0162333750855123	-0.0483832183423778	0.791540817758047	0	0.236849208687741	0.438808281348796	-0.101925560861766	-0.0797367385954856	-0.230919201501313	-0.218044148866626	-0.0999532654895931	-0.0647799716086478	-0.0636456513549685	-0.0483255745688343	0.529051027470539	0.576324336625791	-0.0343902562903938	-0.000214661899596659	0.273430300460902	0.292369595610581	-0.308948497340068	-0.282180182655702	-0.0587003397749755	0.0669963402790711	-0.0917497325389517	-0.0483892261225293	0.0801398047023018	0.148939823698926	0.119104864114308	0.138393157770790	0.0515873698114279	0.149633909270077	0.212344160256613	0.170381116419101	0.217741680358531	0.188963313213982	0.0646075388517068	-0.00864127711165243	0.256355322746709	0.216159817714679	0.0677564365660651	0.114975840358489	0.632875811179844	0.616702390967216	0.193808489132668	0.207513987847455	0.172859726379930	0.0999899444547489	0.549125283244891	0.539734554233848	-0.196089664774027	-0.193014489104966	-0.145380422188701	-0.101385518519149	0.409242533754886	0.312606790452012	-0.164941651108635	-0.103163671880700	0.169578617980277	0.334482824399945	0.0796818323801189	0.194996263647969	-0.163431609300999	-0.106668950595919	0.631627905177214	0.683091938549108	0.672854457782564	0.691037378822084	0.125942256872483	0.332025667633043	0.0960160073759394	-0.0160030390104619	-0.142800808988066	-0.128981730214235	-0.0657354159765577	-0.0684009207730421
0.546807666638251	0.299345845791462	0.418546385608357	0.202314794842602	0.197760131336373	0.0471808265477095	0.445849760060700	0.240950912401829	0.221752933857456	0.143362597065791	0.421654564924652	0.239446952865651	0.297372992619625	0.131441833827118	0.440920517053348	0.209757990482667	0.364000307496079	0.236849208687741	0	0.691667026256730	-0.103626812661164	-0.0710542995926073	0.345390090651457	0.172150907056394	-0.0237945014802384	-0.0124583358461683	-0.118173548621228	-0.105161301280807	0.345778826137191	0.221055580211432	0.193278220347698	0.191986681476883	0.307305034165985	0.196741444430772	-0.0702280302638844	-0.163946858391213	-0.108000466112020	-0.157641662670012	-0.173721329828563	-0.235694152243570	0.00686736419396039	-0.0515852225220650	-0.00395201795610487	-0.0764919133474942	-0.0375006916017071	-0.103640305332403	0.00852278783271567	-0.0470214868252665	0.0599151154868280	0.000930329590501618	0.0463669871069821	-0.0839668369260513	0.142424875301717	0.113991849016149	-0.200851598394188	-0.193807235680969	0.220607744476154	0.156820760890536	0.0911354735664274	-0.0358998829505575	0.137201050748199	-0.00951671030894437	0.149126308589625	0.0519648051818666	0.164799686506698	-0.0963082895971633	-0.0305827247377331	-0.175396811723003	0.324422578365654	0.236085893299020	0.0639241413704211	0.0761820365929362	0.213644985165420	0.136611829142186	0.251805791187782	0.194519585083600	-0.0447138467649350	-0.121136062828616	0.106727017252473	0.172398151736038	0.167741032215541	0.183314880955899	0.340533841388983	0.179633310869501	0.293528984661642	0.123516763821545	-0.0666875744101799	-0.0760257900545664	0.0916694003961544	0.109665818201033
0.352380871288713	0.523218142442700	0.141499578384062	0.332882796562466	0.104346274308834	0.110840415983535	0.272444024221856	0.458206025987078	0.0807105087789357	0.141993275568879	0.178306743785240	0.393692236234345	0.172498937866641	0.288631385001752	0.191233194815698	0.205343746528428	0.438295385339837	0.438808281348796	0.691667026256730	0	-0.142613940379266	-0.0315067508141589	0.134184847722657	0.222379152684706	-0.0694109025279244	0.0542443117985459	-0.193612911602768	-0.0812391139510447	0.425606537608872	0.447969278605180	0.180996873288815	0.304682123908782	0.404835577153292	0.508641040191582	-0.193966524532123	-0.138622311126645	-0.201902454437725	-0.0804121534220206	-0.291626286905593	-0.248457356668036	-0.0594894460212579	0.0518585898547530	-0.0479441350278127	-0.0678223809669697	0.0256542713768358	0.0868908260141915	-0.0168829681076126	-0.0728912257167956	0.166809555968712	0.0678962245368462	0.0305876261898616	-0.0609076980528758	0.169688202070924	0.108127564812861	-0.244770804084349	-0.232542171469452	0.265322973169919	0.242518737460364	0.0739739118649551	0.106536141558885	0.0765513326010031	0.141568202735033	0.298690007130873	0.332946489886285	-0.0430091625387356	-0.00405224630429348	0.0551189702486022	0.0628012942476450	0.490215593818853	0.457958093327532	-0.0703337838642663	0.103156335140204	0.175327344692193	0.300713756982532	0.152924921373824	0.291263812209472	-0.112293500328153	-0.0323662642294730	0.191313713926826	0.299031021051472	0.340147416094406	0.364163874316464	0.208412409820458	0.323645802003946	0.123320462040893	0.185645327925160	-0.208080129557705	-0.147344606210034	-0.0560814282388652	0.0942657519527267
-0.195583559195137	-0.107509187704431	-0.105527640840769	-0.200541583253021	0.170234842691668	0.171924178378032	-0.182297733523684	-0.222548817880737	-0.0827299750870176	-0.166644927943552	-0.168149953177808	-0.135240807273421	-0.184502918284623	-0.166857073138544	-0.0458814122296649	-0.0262896564209185	-0.103303055033287	-0.101925560861766	-0.103626812661164	-0.142613940379266	0	0.825230064310351	-0.0104693471539300	-0.127064132327628	0.257124679149194	0.256180130962174	0.432424559434152	0.481809748993550	0.0570525495446945	0.0191263440608698	0.313987163300039	0.163526599372877	0.158421252779093	0.0970095114491136	0.132498896113056	0.166289939953909	0.507536671397624	0.464933739174623	0.472192583322121	0.473172716971077	0.471131801837925	0.464107317946958	-0.0875220068743279	-0.0535674807138134	-0.0776564391002142	-0.0713197904608061	-0.0470900533500173	-0.0204890244223005	-0.169906991128001	-0.108826255918414	-0.229392991052737	-0.134796235433971	-0.154733008542228	-0.0465687159139942	0.159905637786724	0.197682957432937	-0.157952686069152	-0.139329219957501	-0.123068424593293	-0.134117627091305	-0.205021368917831	-0.151080637451060	-0.109589521816369	-0.0845156902426560	-0.167556993715579	-0.139871750482823	0.0708420965063989	0.104619548598391	-0.0503634822507850	-0.0683900429500315	0.597444092101137	0.505751306297105	0.368059725461878	0.288453637092990	0.290552366187656	0.227672989260833	0.460581669516450	0.465630086486588	-0.0498331364719401	-0.0730287033748821	-0.0543579739779571	-0.0911337136413387	0.0878043889433855	0.0638994731413451	-0.114314262496232	-0.124476267460169	0.256272325186771	0.182212368448375	0.0934701051905703	-0.0485441612284131
-0.236967272713259	-0.118644308157472	-0.150317416289400	-0.102065616538633	0.217341892421043	0.312752646329051	-0.150841087061663	-0.0679650859995329	-0.0598727485236975	-0.0791263233751603	-0.197377862997163	-0.0656275567113974	-0.180811089255129	-0.105082926942788	-0.0854410201633876	0.00252607377285926	-0.114947112864459	-0.0797367385954856	-0.0710542995926073	-0.0315067508141589	0.825230064310351	0	-0.0660704255722536	-0.0987042568046346	0.213005345091587	0.304140959728891	0.377530808628433	0.520859526582920	0.0733998708058142	0.0948605281436225	0.303858406184249	0.207973706025161	0.139943336309367	0.144639558671431	0.0894622954307456	0.155060073579893	0.403624768181582	0.469567378879613	0.321287654102071	0.385301208407036	0.377744419590231	0.483564440004879	-0.134633650989526	-0.0923639965733463	-0.0969112634428932	-0.0481251373102337	-0.0857606977153953	-0.0571680911835996	-0.156592304785798	-0.0713459076732721	-0.239553259306884	-0.127035848863099	-0.113455517807222	-0.0202222469630546	0.0975059073974432	0.160243179686301	-0.193479978858361	-0.150730071652788	-0.139276141487654	-0.0793704258298125	-0.222447600041567	-0.0872349884871579	-0.107955684351360	-0.0206816568826345	-0.207684748211847	-0.112849127913434	0.0347923456001318	0.137667320334685	-0.0435705255345516	-0.000969854442732556	0.632749139891440	0.664712061038448	0.376526019172582	0.377033998706298	0.274531938971533	0.269466669527676	0.438488713177151	0.495459547028693	-0.0919245362413049	-0.0837756110948631	-0.0652955553745427	-0.0892630614545504	0.0823098684627922	0.145079446785067	-0.177551140746673	-0.115147473469620	0.178321054744604	0.150932244633099	0.0332563107019944	-0.0457574501795522
0.0458987331080158	-0.120264031488907	0.703068816372228	0.517339843206119	0.297715487278340	0.162383325895737	0.274751671411464	0.0864769111500176	0.257338576476570	0.262473624227654	0.0716690662252077	-0.0617456855509580	0.0157435950941848	-0.0301713980633251	0.407770223906866	0.321540749183134	-0.206271740635815	-0.230919201501313	0.345390090651457	0.134184847722657	-0.0104693471539300	-0.0660704255722536	0	0.827167787833805	0.532523837750329	0.407852955665983	0.167608173796016	0.106875130958641	-0.319000125490121	-0.316702208700138	0.474322983439014	0.535834725602276	0.0915675973771018	0.0424309148853652	0.460685972415532	0.243327495520170	-0.137796705476984	-0.213040688724998	-0.0418710212543079	-0.0980831147593133	-0.0349910583772958	-0.125264724272294	0.139960567445218	0.0368525993057367	0.118311938425067	-0.0687446525683505	-0.0176946277414767	-0.0605828550758532	-0.0660943081339442	-0.0320720839589625	0.171063193271437	0.0308796326221270	0.0512939902146419	0.0605005216967585	-0.234717482646135	-0.207992096746378	-0.144036293626837	-0.148601077870179	-0.0993554786808847	-0.189486255478083	-0.100868963270488	-0.188869054626923	-0.312007183517087	-0.398355550350222	0.526290324040645	0.261131565723096	0.308667455167281	0.0755853119773741	-0.0183732048672007	0.0493913947592809	0.0901083030324769	0.107543450948058	-0.0445230934790181	-0.185798421299875	0.0125830118886443	-0.0313103645514160	-0.0665726409542239	-0.138858473755755	-0.157309480797235	-0.0919827780182797	-0.219400001233215	-0.134720804593398	0.128831805825858	-0.0810344647288256	0.466501948094271	0.457088962530114	0.122990640825590	0.156580587448480	0.187634541650972	0.368590416035219
